batchize features word_embeddings
1 0.6665 0.6385
51 0.6345 0.649
101 0.6165 0.53
151 0.615 0.602
201 0.59 0.6175
251 0.6395 0.603
301 0.6065 0.5185
351 0.575 0.6035
401 0.556 0.506
451 0.501 0.518
501 0.5955 0.5075
551 0.5 0.5435
601 0.5555 0.501
651 0.582 0.5265
701 0.557 0.5
751 0.5345 0.502
801 0.5705 0.5745
851 0.501 0.5
901 0.5935 0.5
951 0.528 0.5025
1001 0.5025 0.5
1051 0.5355 0.5
1101 0.5735 0.5
1151 0.5095 0.583
1201 0.5 0.51
1251 0.536 0.5
1301 0.5165 0.5
1351 0.4895 0.5
1401 0.499 0.5
1451 0.5055 0.5
1501 0.488 0.5
1551 0.518 0.5
1601 0.5155 0.502
1651 0.5515 0.5005
1701 0.435 0.507
1751 0.4485 0.5
1801 0.557 0.4995
1851 0.4275 0.558
1901 0.453 0.5
1951 0.492 0.5
2001 0.4795 0.5
2051 0.476 0.5
2101 0.5345 0.5
2151 0.4995 0.511
2201 0.5065 0.5